Spin(   0.5,   0.5,   0.5,   0.127807,   0.0180833,   0.991634    ) 
Spin(   0.5,   0.5,   2.5,   -0.00431162,   -0.0195234,   -0.9998    ) 
Spin(   0.5,   2.5,   0.5,   -0.274189,   0.47414,   0.836667    ) 
Spin(   0.5,   2.5,   2.5,   -0.828765,   -0.555856,   0.0646033    ) 
Spin(   0.5,   4.5,   0.5,   -0.523804,   -0.057853,   0.849872    ) 
Spin(   0.5,   4.5,   2.5,   -0.499751,   0.310481,   -0.80861    ) 
Spin(   0.5,   6.5,   0.5,   -0.139167,   0.395056,   0.908055    ) 
Spin(   0.5,   6.5,   2.5,   0.357823,   0.528459,   -0.769866    ) 
Spin(   0.5,   8.5,   0.5,   0.0088755,   -0.00697023,   0.999936    ) 
Spin(   0.5,   8.5,   2.5,   0.78543,   -0.0799777,   0.613761    ) 
Spin(   0.5,   10.5,   0.5,   -0.0797988,   -0.717031,   -0.692459    ) 
Spin(   0.5,   10.5,   2.5,   0.460115,   0.611881,   -0.643347    ) 
Spin(   0.5,   12.5,   0.5,   -0.342994,   -0.164119,   -0.924889    ) 
Spin(   0.5,   12.5,   2.5,   0.719896,   -0.196221,   -0.665768    ) 
Spin(   0.5,   14.5,   0.5,   0.168218,   0.962777,   0.211573    ) 
Spin(   0.5,   14.5,   2.5,   -0.726873,   -0.0324314,   -0.686006    ) 
Spin(   0.5,   16.5,   0.5,   -0.800313,   0.460639,   -0.383811    ) 
Spin(   0.5,   16.5,   2.5,   -0.443754,   0.779968,   0.441285    ) 
Spin(   0.5,   18.5,   0.5,   -0.865937,   -0.486906,   -0.114352    ) 
Spin(   0.5,   18.5,   2.5,   -0.551591,   0.530711,   -0.643501    ) 
Spin(   2.5,   0.5,   0.5,   -0.0405425,   -0.0269954,   -0.998813    ) 
Spin(   2.5,   0.5,   2.5,   -0.119096,   -0.785193,   0.607691    ) 
Spin(   2.5,   2.5,   0.5,   -0.980162,   0.00799128,   -0.198037    ) 
Spin(   2.5,   2.5,   2.5,   0.39247,   -0.23384,   -0.889543    ) 
Spin(   2.5,   4.5,   0.5,   -0.105524,   0.153704,   0.982466    ) 
Spin(   2.5,   4.5,   2.5,   0.428826,   0.145575,   -0.891581    ) 
Spin(   2.5,   6.5,   0.5,   -0.0716267,   -0.77361,   -0.629601    ) 
Spin(   2.5,   6.5,   2.5,   -0.595371,   -0.17978,   -0.783079    ) 
Spin(   2.5,   8.5,   0.5,   -0.0459438,   -0.95722,   -0.28569    ) 
Spin(   2.5,   8.5,   2.5,   -0.0842637,   0.0625332,   -0.994479    ) 
Spin(   2.5,   10.5,   0.5,   0.181891,   0.353837,   -0.91745    ) 
Spin(   2.5,   10.5,   2.5,   0.330877,   -0.943335,   0.0253044    ) 
Spin(   2.5,   12.5,   0.5,   0.503742,   -0.328513,   0.798951    ) 
Spin(   2.5,   12.5,   2.5,   -0.185685,   -0.168382,   0.968075    ) 
Spin(   2.5,   14.5,   0.5,   -0.713867,   0.298295,   0.633573    ) 
Spin(   2.5,   14.5,   2.5,   0.527434,   0.101359,   0.843528    ) 
Spin(   2.5,   16.5,   0.5,   -0.0484591,   -0.000611504,   0.998825    ) 
Spin(   2.5,   16.5,   2.5,   -0.168162,   -0.158722,   -0.972897    ) 
Spin(   2.5,   18.5,   0.5,   -0.401137,   -0.529648,   -0.74737    ) 
Spin(   2.5,   18.5,   2.5,   0.663081,   0.35127,   -0.661009    ) 
Spin(   4.5,   0.5,   0.5,   -0.447366,   -0.099931,   0.88875    ) 
Spin(   4.5,   0.5,   2.5,   -0.725413,   0.122018,   -0.677412    ) 
Spin(   4.5,   2.5,   0.5,   0.81722,   0.574886,   -0.0407087    ) 
Spin(   4.5,   2.5,   2.5,   0.290976,   0.240738,   -0.925947    ) 
Spin(   4.5,   4.5,   0.5,   0.569727,   -0.785294,   -0.242331    ) 
Spin(   4.5,   4.5,   2.5,   -0.284312,   -0.957597,   -0.0466383    ) 
Spin(   4.5,   6.5,   0.5,   -0.682971,   0.675186,   0.278701    ) 
Spin(   4.5,   6.5,   2.5,   0.607371,   -0.662224,   -0.438817    ) 
Spin(   4.5,   8.5,   0.5,   0.713252,   0.412797,   -0.566454    ) 
Spin(   4.5,   8.5,   2.5,   -0.335783,   0.177279,   -0.925107    ) 
Spin(   4.5,   10.5,   0.5,   0.281028,   0.264806,   -0.922443    ) 
Spin(   4.5,   10.5,   2.5,   -0.263931,   0.956032,   -0.127844    ) 
Spin(   4.5,   12.5,   0.5,   -0.0761017,   0.704262,   0.70585    ) 
Spin(   4.5,   12.5,   2.5,   0.621448,   -0.261031,   -0.738692    ) 
Spin(   4.5,   14.5,   0.5,   -0.643775,   -0.104806,   -0.758004    ) 
Spin(   4.5,   14.5,   2.5,   -0.00564174,   0.00763655,   -0.999955    ) 
Spin(   4.5,   16.5,   0.5,   0.615672,   -0.640543,   0.458969    ) 
Spin(   4.5,   16.5,   2.5,   0.560277,   -0.597335,   -0.57383    ) 
Spin(   4.5,   18.5,   0.5,   0.0535043,   -0.261984,   0.963588    ) 
Spin(   4.5,   18.5,   2.5,   -0.303213,   0.000490318,   -0.952923    ) 
Spin(   6.5,   0.5,   0.5,   0.151151,   0.0592085,   0.986736    ) 
Spin(   6.5,   0.5,   2.5,   -0.267836,   -0.598091,   -0.755348    ) 
Spin(   6.5,   2.5,   0.5,   -0.73014,   0.574253,   -0.370309    ) 
Spin(   6.5,   2.5,   2.5,   -0.224153,   0.0996758,   -0.969443    ) 
Spin(   6.5,   4.5,   0.5,   0.342925,   -0.108952,   0.933023    ) 
Spin(   6.5,   4.5,   2.5,   0.517805,   0.756621,   -0.399252    ) 
Spin(   6.5,   6.5,   0.5,   0.888202,   0.410637,   -0.206091    ) 
Spin(   6.5,   6.5,   2.5,   0.106666,   -0.0904171,   0.990175    ) 
Spin(   6.5,   8.5,   0.5,   -0.604828,   -0.303779,   -0.73614    ) 
Spin(   6.5,   8.5,   2.5,   -0.234976,   -0.451721,   0.860659    ) 
Spin(   6.5,   10.5,   0.5,   -0.870485,   -0.270272,   -0.41135    ) 
Spin(   6.5,   10.5,   2.5,   -0.0218204,   0.00216019,   0.99976    ) 
Spin(   6.5,   12.5,   0.5,   0.722355,   0.213047,   0.657886    ) 
Spin(   6.5,   12.5,   2.5,   0.553942,   -0.297204,   0.777701    ) 
Spin(   6.5,   14.5,   0.5,   -0.593669,   0.314628,   0.740653    ) 
Spin(   6.5,   14.5,   2.5,   -0.175808,   -0.0328297,   -0.983877    ) 
Spin(   6.5,   16.5,   0.5,   -0.598787,   0.441357,   -0.668325    ) 
Spin(   6.5,   16.5,   2.5,   0.0929633,   -0.310743,   0.945937    ) 
Spin(   6.5,   18.5,   0.5,   0.0365608,   -0.272164,   0.961556    ) 
Spin(   6.5,   18.5,   2.5,   -0.72448,   -0.336842,   0.601386    ) 
Spin(   8.5,   0.5,   0.5,   0.361396,   -0.0727647,   -0.929569    ) 
Spin(   8.5,   0.5,   2.5,   0.450013,   -0.729614,   0.514929    ) 
Spin(   8.5,   2.5,   0.5,   -0.0080618,   0.0563687,   0.998377    ) 
Spin(   8.5,   2.5,   2.5,   -0.316114,   -0.292958,   0.902357    ) 
Spin(   8.5,   4.5,   0.5,   0.46467,   -0.649114,   0.602273    ) 
Spin(   8.5,   4.5,   2.5,   0.864952,   -0.501312,   0.0233189    ) 
Spin(   8.5,   6.5,   0.5,   0.165744,   -0.0238398,   0.985881    ) 
Spin(   8.5,   6.5,   2.5,   0.823579,   0.0651347,   0.56345    ) 
Spin(   8.5,   8.5,   0.5,   -0.8054,   0.552641,   -0.214288    ) 
Spin(   8.5,   8.5,   2.5,   0.213733,   -0.886564,   -0.410272    ) 
Spin(   8.5,   10.5,   0.5,   -0.0919599,   -0.00535287,   -0.995748    ) 
Spin(   8.5,   10.5,   2.5,   0.349161,   -0.496532,   0.794696    ) 
Spin(   8.5,   12.5,   0.5,   -0.754431,   0.0458892,   0.654774    ) 
Spin(   8.5,   12.5,   2.5,   0.182044,   -0.148632,   0.971992    ) 
Spin(   8.5,   14.5,   0.5,   -0.748321,   -0.0594698,   0.660665    ) 
Spin(   8.5,   14.5,   2.5,   -0.246995,   -0.24479,   -0.937588    ) 
Spin(   8.5,   16.5,   0.5,   -0.104629,   0.0918248,   0.990263    ) 
Spin(   8.5,   16.5,   2.5,   -0.629156,   -0.147171,   -0.763219    ) 
Spin(   8.5,   18.5,   0.5,   -0.241675,   0.502124,   -0.83034    ) 
Spin(   8.5,   18.5,   2.5,   -0.220275,   0.0980845,   -0.970494    ) 
Spin(   10.5,   0.5,   0.5,   -0.219741,   0.217446,   0.951016    ) 
Spin(   10.5,   0.5,   2.5,   -0.162931,   -0.964653,   0.20712    ) 
Spin(   10.5,   2.5,   0.5,   -0.400212,   0.450205,   0.798214    ) 
Spin(   10.5,   2.5,   2.5,   -0.102816,   0.739849,   -0.66487    ) 
Spin(   10.5,   4.5,   0.5,   0.0320066,   -0.76484,   -0.643425    ) 
Spin(   10.5,   4.5,   2.5,   -0.578911,   0.761616,   -0.291208    ) 
Spin(   10.5,   6.5,   0.5,   -0.58317,   0.800512,   -0.138178    ) 
Spin(   10.5,   6.5,   2.5,   -0.422678,   -0.797304,   0.430871    ) 
Spin(   10.5,   8.5,   0.5,   -0.900471,   -0.419141,   -0.116075    ) 
Spin(   10.5,   8.5,   2.5,   -0.0379043,   -0.000354189,   -0.999281    ) 
Spin(   10.5,   10.5,   0.5,   0.627964,   -0.167891,   0.759917    ) 
Spin(   10.5,   10.5,   2.5,   -0.684909,   -0.680002,   -0.261718    ) 
Spin(   10.5,   12.5,   0.5,   -0.114353,   -0.396379,   0.910937    ) 
Spin(   10.5,   12.5,   2.5,   0.826297,   0.407795,   0.388507    ) 
Spin(   10.5,   14.5,   0.5,   0.853604,   -0.193151,   0.48379    ) 
Spin(   10.5,   14.5,   2.5,   0.131136,   0.143114,   -0.98098    ) 
Spin(   10.5,   16.5,   0.5,   -0.0404811,   -0.0904883,   0.995074    ) 
Spin(   10.5,   16.5,   2.5,   0.0760038,   -0.376371,   -0.923346    ) 
Spin(   10.5,   18.5,   0.5,   0.204149,   0.0307556,   0.978457    ) 
Spin(   10.5,   18.5,   2.5,   0.0888249,   -0.157816,   -0.983465    ) 
Spin(   12.5,   0.5,   0.5,   0.933765,   0.169118,   -0.315408    ) 
Spin(   12.5,   0.5,   2.5,   0.219479,   0.139635,   0.965573    ) 
Spin(   12.5,   2.5,   0.5,   0.0447647,   0.242165,   -0.969202    ) 
Spin(   12.5,   2.5,   2.5,   0.702548,   -0.00282162,   0.711631    ) 
Spin(   12.5,   4.5,   0.5,   0.18397,   0.0398698,   0.982123    ) 
Spin(   12.5,   4.5,   2.5,   -0.0708242,   0.978643,   -0.192981    ) 
Spin(   12.5,   6.5,   0.5,   0.810499,   -0.508597,   -0.290552    ) 
Spin(   12.5,   6.5,   2.5,   -0.716224,   -0.599921,   0.356536    ) 
Spin(   12.5,   8.5,   0.5,   -0.974312,   0.225018,   0.00914351    ) 
Spin(   12.5,   8.5,   2.5,   0.212569,   -0.529336,   -0.821351    ) 
Spin(   12.5,   10.5,   0.5,   0.11996,   -0.460733,   -0.879395    ) 
Spin(   12.5,   10.5,   2.5,   0.0838765,   0.357899,   -0.929986    ) 
Spin(   12.5,   12.5,   0.5,   0.517732,   -0.301831,   -0.800532    ) 
Spin(   12.5,   12.5,   2.5,   -0.225814,   0.886491,   0.403909    ) 
Spin(   12.5,   14.5,   0.5,   0.094365,   -0.0132895,   -0.995449    ) 
Spin(   12.5,   14.5,   2.5,   0.667336,   0.7267,   0.163005    ) 
Spin(   12.5,   16.5,   0.5,   -0.117015,   0.750905,   0.64996    ) 
Spin(   12.5,   16.5,   2.5,   0.179089,   0.113556,   0.977258    ) 
Spin(   12.5,   18.5,   0.5,   0.135707,   -0.0204174,   -0.990539    ) 
Spin(   12.5,   18.5,   2.5,   0.0221504,   -0.0256547,   0.999425    ) 
Spin(   14.5,   0.5,   0.5,   0.982573,   0.121056,   0.141052    ) 
Spin(   14.5,   0.5,   2.5,   -0.653922,   -0.746094,   -0.125417    ) 
Spin(   14.5,   2.5,   0.5,   -0.717734,   0.613876,   -0.328655    ) 
Spin(   14.5,   2.5,   2.5,   -0.993017,   -0.0786196,   0.0879593    ) 
Spin(   14.5,   4.5,   0.5,   -0.713412,   -0.290516,   -0.637687    ) 
Spin(   14.5,   4.5,   2.5,   0.22479,   0.919542,   -0.322353    ) 
Spin(   14.5,   6.5,   0.5,   0.651512,   -0.75709,   -0.0484323    ) 
Spin(   14.5,   6.5,   2.5,   0.513664,   -0.269371,   0.81461    ) 
Spin(   14.5,   8.5,   0.5,   -0.358459,   -0.581381,   0.730413    ) 
Spin(   14.5,   8.5,   2.5,   0.376244,   0.210277,   0.902344    ) 
Spin(   14.5,   10.5,   0.5,   0.490392,   -0.337069,   0.803679    ) 
Spin(   14.5,   10.5,   2.5,   -0.0192944,   -0.0421425,   -0.998925    ) 
Spin(   14.5,   12.5,   0.5,   0.068269,   -0.0592861,   0.995904    ) 
Spin(   14.5,   12.5,   2.5,   0.793768,   -0.450228,   0.408933    ) 
Spin(   14.5,   14.5,   0.5,   -0.827253,   -0.476954,   -0.296929    ) 
Spin(   14.5,   14.5,   2.5,   -0.895494,   0.193158,   -0.400975    ) 
Spin(   14.5,   16.5,   0.5,   0.363172,   -0.232118,   -0.902345    ) 
Spin(   14.5,   16.5,   2.5,   0.618114,   0.746164,   -0.247334    ) 
Spin(   14.5,   18.5,   0.5,   0.213049,   0.023887,   -0.976749    ) 
Spin(   14.5,   18.5,   2.5,   -0.528043,   0.837724,   0.139241    ) 
Spin(   16.5,   0.5,   0.5,   -0.51517,   -0.835117,   -0.192818    ) 
Spin(   16.5,   0.5,   2.5,   0.803901,   0.198833,   0.560544    ) 
Spin(   16.5,   2.5,   0.5,   0.557406,   -0.797452,   -0.231017    ) 
Spin(   16.5,   2.5,   2.5,   -0.0682849,   -0.152857,   0.985886    ) 
Spin(   16.5,   4.5,   0.5,   -0.628817,   0.266594,   -0.730422    ) 
Spin(   16.5,   4.5,   2.5,   -0.600548,   -0.645227,   -0.472255    ) 
Spin(   16.5,   6.5,   0.5,   -0.624858,   -0.35422,   -0.695759    ) 
Spin(   16.5,   6.5,   2.5,   0.0491095,   -0.0987512,   0.9939    ) 
Spin(   16.5,   8.5,   0.5,   0.715622,   0.512955,   -0.474091    ) 
Spin(   16.5,   8.5,   2.5,   -0.0363211,   -0.99363,   -0.106679    ) 
Spin(   16.5,   10.5,   0.5,   -0.32718,   -0.667735,   -0.668643    ) 
Spin(   16.5,   10.5,   2.5,   -0.195463,   0.680854,   -0.705855    ) 
Spin(   16.5,   12.5,   0.5,   0.654213,   -0.370964,   0.659084    ) 
Spin(   16.5,   12.5,   2.5,   -0.898874,   -0.436046,   -0.0434776    ) 
Spin(   16.5,   14.5,   0.5,   0.427107,   -0.896602,   -0.116978    ) 
Spin(   16.5,   14.5,   2.5,   0.148661,   0.127547,   -0.980628    ) 
Spin(   16.5,   16.5,   0.5,   0.576818,   0.359713,   -0.733408    ) 
Spin(   16.5,   16.5,   2.5,   -0.191979,   -0.218276,   -0.956818    ) 
Spin(   16.5,   18.5,   0.5,   0.0634562,   0.108314,   0.992089    ) 
Spin(   16.5,   18.5,   2.5,   -0.367176,   -0.0333964,   -0.929552    ) 
Spin(   18.5,   0.5,   0.5,   -0.994827,   0.0786237,   -0.0643217    ) 
Spin(   18.5,   0.5,   2.5,   -0.341305,   -0.150748,   0.927786    ) 
Spin(   18.5,   2.5,   0.5,   -0.846835,   0.530229,   -0.0415713    ) 
Spin(   18.5,   2.5,   2.5,   -0.136777,   0.954659,   -0.26442    ) 
Spin(   18.5,   4.5,   0.5,   -0.828353,   -0.338182,   0.446614    ) 
Spin(   18.5,   4.5,   2.5,   -0.229148,   0.110118,   0.967143    ) 
Spin(   18.5,   6.5,   0.5,   0.540539,   -0.136151,   -0.830229    ) 
Spin(   18.5,   6.5,   2.5,   -0.623115,   -0.114387,   -0.773721    ) 
Spin(   18.5,   8.5,   0.5,   0.978358,   -0.193851,   -0.0723725    ) 
Spin(   18.5,   8.5,   2.5,   0.0411227,   0.0890441,   0.995178    ) 
Spin(   18.5,   10.5,   0.5,   -0.782097,   0.376226,   -0.496768    ) 
Spin(   18.5,   10.5,   2.5,   -0.776265,   0.153525,   0.611427    ) 
Spin(   18.5,   12.5,   0.5,   -0.503844,   -0.372312,   -0.779438    ) 
Spin(   18.5,   12.5,   2.5,   -0.248986,   0.129517,   -0.959808    ) 
Spin(   18.5,   14.5,   0.5,   -0.32182,   -0.020963,   0.946569    ) 
Spin(   18.5,   14.5,   2.5,   -0.0021745,   -0.970917,   -0.239407    ) 
Spin(   18.5,   16.5,   0.5,   0.40847,   -0.157459,   -0.899088    ) 
Spin(   18.5,   16.5,   2.5,   -0.905343,   -0.0548383,   -0.421126    ) 
Spin(   18.5,   18.5,   0.5,   -0.911558,   -0.314403,   -0.264979    ) 
Spin(   18.5,   18.5,   2.5,   -0.358855,   -0.379311,   0.852846    ) 
